 6.60  66.557
 6.65  52.145
 6.70  42.047
 6.75  34.654
 6.80  29.213
 6.85  25.998
 6.90  23.136
 6.95  20.589
 7.00  18.717
 7.05  17.136
 7.10  15.688
 7.15  14.467
 7.20  13.440
 7.25  12.486
 7.30  11.654
 7.35  10.937
 7.40  10.265
 7.45  9.633
 7.50  9.041
 7.55  8.576
 7.60  8.141
 7.65  7.728
 7.70  7.337
 7.75  6.965
 7.80  6.615
 7.85  6.283
 7.90  5.969
 7.95  5.689
 8.00  5.423
 8.05  5.169
 8.10  4.939
 8.15  4.715
 8.20  4.500
 8.25  4.304
 8.30  4.116
 8.35  3.940
 8.40  3.776
 8.45  3.619
 8.50  3.470
 8.55  3.333
 8.60  3.202
 8.65  3.075
 8.70  2.953
 8.75  2.836
 8.80  2.723
 8.85  2.614
 8.90  2.510
 8.95  2.408
 9.00  2.310
 9.05  2.215
 9.10  2.122
 9.15  2.033
 9.20  1.876
 9.25  1.788
 9.30  1.712
 9.35  1.645
 9.40  1.584
 9.45  1.525
 9.50  1.469
 9.55  1.418
 9.60  1.369
 9.65  1.322
 9.70  1.278
 9.75  1.235
 9.80  1.194
 9.85  1.159
 9.90  1.124
 9.95  1.091
10.00  1.058
10.05  1.026
10.10  0.996
10.15  0.966
10.20  0.936
10.25  0.908